0    0.0264
    0.0020    0.0189
    0.0040         0
    0.0060    0.0091
    0.0080    0.0261
    0.0100    0.0345
    0.0120    0.0229
    0.0140    0.0565
    0.0160    0.0666
    0.0180    0.0573
    0.0200    0.0344
    0.0220    0.0512
    0.0240    0.0559
    0.0260    0.0189
    0.0280    0.0487
    0.0300    0.0366
    0.0320    0.0588
    0.0340    0.0883
    0.0360    0.0511
    0.0380    0.0231
    0.0400    0.0929
    0.0420    0.0945
    0.0440    0.0534
    0.0460    0.0479
    0.0480    0.0897
    0.0500    0.0707
    0.0520    0.0765
    0.0540    0.0876
    0.0560    0.0447
    0.0580    0.1056
    0.0600    0.1128
    0.0620    0.0507
    0.0640    0.1093
    0.0660    0.1160
    0.0680    0.0499
    0.0700    0.0906
    0.0720    0.1021
    0.0740    0.0839
    0.0760    0.1058
    0.0780    0.1162
    0.0800    0.1040
    0.0820    0.1101
    0.0840    0.0852
    0.0880    0.1003
    0.0900    0.1177
    0.0920    0.1348
    0.0940    0.0941
    0.0960    0.1059
    0.0980    0.1194
    0.1000    0.1129
    0.1020    0.0880
    0.1040    0.1395
    0.1060    0.0875
    0.1080    0.1194
    0.1100    0.0916
    0.1120    0.1645
    0.1140    0.1321
    0.1160    0.1633
    0.1180    0.1254
    0.1200    0.1652
    0.1220    0.1194
    0.1240    0.1708
    0.1260    0.1716
    0.1280    0.1360
    0.1300    0.1550
    0.1320    0.1526
    0.1340    0.1792
    0.1360    0.1296
    0.1380    0.1156
    0.1400    0.1838
    0.1420    0.1369
    0.1440    0.1395
    0.1460    0.1714
    0.1480    0.1478
    0.1500    0.1891
    0.1520    0.1954
    0.1540    0.2020
    0.1560    0.1619
    0.1580    0.1949
    0.1600    0.1480
    0.1620    0.1853
    0.1640    0.1928
    0.1660    0.1483
    0.1680    0.1839
    0.1700    0.2128
    0.1720    0.1674
    0.1740    0.1671
    0.1760    0.2148
    0.1780    0.1906
    0.1800    0.1666
    0.1820    0.1744
    0.1840    0.2086
    0.1860    0.2033
    0.1880    0.1847
    0.1900    0.2116
    0.1920    0.2206
    0.1940    0.1895
    0.1960    0.2014
    0.1980    0.1995
    0.2000    0.2331
    0.2020    0.1861
    0.2040    0.2460
    0.2060    0.2016
    0.2080    0.2193
    0.2100    0.2427
    0.2120    0.2366
    0.2140    0.1985
    0.2160    0.2418
    0.2180    0.2007
    0.2200    0.2645
    0.2220    0.2619
    0.2240    0.2356
    0.2260    0.2500
    0.2280    0.2744
    0.2300    0.2118
    0.2320    0.2612
    0.2340    0.2687
    0.2360    0.2672
    0.2380    0.2244
    0.2400    0.2443
    0.2420    0.2148
    0.2440    0.2402
    0.2460    0.2277
    0.2480    0.2535
    0.2500    0.2646
    0.2520    0.2831
    0.2540    0.2568
    0.2560    0.2673
    0.2580    0.2989
    0.2600    0.2988
    0.2620    0.2739
    0.2640    0.3027
    0.2660    0.2403
    0.2680    0.2995
    0.2700    0.2655
    0.2720    0.2594
    0.2740    0.3062
    0.2760    0.2722
    0.2780    0.2603
    0.2800    0.2518
    0.2820    0.3239
    0.2840    0.3049
    0.2860    0.3205
    0.2880    0.3283
    0.2900    0.3106
    0.2920    0.3305
    0.2940    0.2823
    0.2960    0.3318
    0.2980    0.3363
    0.3000    0.2913
    0.3020    0.2760
    0.3040    0.3305
    0.3060    0.2807
    0.3080    0.3313
    0.3100    0.3120
    0.3120    0.3292
    0.3140    0.2947
    0.3160    0.3240
    0.3180    0.3336
    0.3200    0.2886
    0.3220    0.3250
    0.3240    0.3584
    0.3260    0.3018
    0.3280    0.3286
    0.3300    0.3469
    0.3320    0.3212
    0.3340    0.3727
    0.3360    0.3552
    0.3380    0.3202
    0.3400    0.3484
    0.3420    0.3749
    0.3440    0.3525
    0.3460    0.3691
    0.3480    0.3818
    0.3500    0.3796
    0.3520    0.3277
    0.3540    0.3340
    0.3560    0.3332
    0.3580    0.3257
    0.3600    0.3260
    0.3620    0.3724
    0.3640    0.3753
    0.3660    0.4006
    0.3680    0.3885
    0.3700    0.3576
    0.3720    0.3742
    0.3740    0.3582
    0.3760    0.3960
    0.3780    0.3512
    0.3800    0.4008
    0.3820    0.4075
    0.3840    0.4045
    0.3860    0.3755
    0.3880    0.3961
    0.3900    0.3893
    0.3920    0.3622
    0.3940    0.4203
    0.3960    0.4114
    0.3980    0.3816
    0.4000    0.4366
    0.4020    0.3790
    0.4040    0.3897
    0.4060    0.4000
    0.4080    0.3887
    0.4100    0.3874
    0.4120    0.4280
    0.4140    0.3901
    0.4160    0.4179
    0.4180    0.4027
    0.4200    0.4172
    0.4220    0.4541
    0.4240    0.4023
    0.4260    0.3879
    0.4280    0.4583
    0.4300    0.4431
    0.4320    0.4325
    0.4340    0.4349
    0.4360    0.4051
    0.4380    0.4746
    0.4400    0.4282
    0.4420    0.4503
    0.4440    0.4346
    0.4460    0.4073
    0.4480    0.4499
    0.4500    0.4491
    0.4520    0.4311
    0.4540    0.4178
    0.4560    0.4799
    0.4580    0.4218
    0.4600    0.4439
    0.4620    0.4812
    0.4640    0.4974
    0.4660    0.4701
    0.4680    0.4865
    0.4700    0.4845
    0.4720    0.4806
    0.4740    0.4836
    0.4760    0.5062
    0.4780    0.4775
    0.4800    0.4691
    0.4820    0.4916
    0.4840    0.4761
    0.4860    0.4547
    0.4880    0.4797
    0.4900    0.4898
    0.4920    0.4802
    0.4940    0.4823
    0.4960    0.5109
    0.4980    0.4955
    0.5000    0.4950
    0.5020    0.4665
    0.5040    0.4806
    0.5060    0.4974
    0.5080    0.5137
    0.5100    0.5210
    0.5120    0.5444
    0.5140    0.5417
    0.5160    0.4800
    0.5180    0.5471
    0.5200    0.4891
    0.5220    0.5521
    0.5240    0.5258
    0.5260    0.5006
    0.5280    0.4897
    0.5300    0.5090
    0.5320    0.5497
    0.5340    0.4958
    0.5360    0.5188
    0.5380    0.5038
    0.5400    0.5077
    0.5420    0.5023
    0.5440    0.5526
    0.5460    0.5079
    0.5480    0.5500
    0.5500    0.5183
    0.5520    0.5564
    0.5540    0.5467
    0.5560    0.5324
    0.5580    0.5756
    0.5600    0.5766
    0.5620    0.5875
    0.5640    0.5184
    0.5660    0.5688
    0.5680    0.5228
    0.5700    0.5321
    0.5720    0.5341
    0.5740    0.5557
    0.5760    0.5479
    0.5780    0.5579
    0.5800    0.5525
    0.5820    0.5648
    0.5840    0.5692
    0.5860    0.5877
    0.5880    0.6007
    0.5900    0.5635
    0.5920    0.6088
    0.5940    0.6029
    0.5960    0.6112
    0.5980    0.5644
    0.6000    0.5574
    0.6020    0.6006
    0.6040    0.6094
    0.6060    0.5666
    0.6080    0.5673
    0.6100    0.6072
    0.6120    0.6253
    0.6140    0.6274
    0.6160    0.5744
    0.6180    0.6249
    0.6200    0.6398
    0.6220    0.6075
    0.6240    0.5805
    0.6260    0.5954
    0.6280    0.6344
    0.6300    0.5839
    0.6320    0.6149
    0.6340    0.6256
    0.6360    0.6588
    0.6380    0.6043
    0.6400    0.5991
    0.6420    0.6412
    0.6440    0.6023
    0.6460    0.6705
    0.6480    0.6167
    0.6500    0.6457
    0.6520    0.6635
    0.6540    0.6664
    0.6560    0.6425
    0.6580    0.6650
    0.6600    0.6785
    0.6620    0.6794
    0.6640    0.6293
    0.6660    0.6564
    0.6680    0.6762
    0.6700    0.6334
    0.6720    0.6772
    0.6740    0.6585
    0.6760    0.6686
    0.6780    0.6460
    0.6800    0.6346
    0.6820    0.6527
    0.6840    0.7014
    0.6860    0.6695
    0.6880    0.6562
    0.6900    0.6954
    0.6920    0.6980
    0.6940    0.6430
    0.6960    0.7100
    0.6980    0.7056
    0.7000    0.6717
    0.7020    0.6997
    0.7040    0.6733
    0.7060    0.7232
    0.7080    0.6760
    0.7100    0.6694
    0.7120    0.7149
    0.7140    0.6965
    0.7160    0.7117
    0.7180    0.7373
    0.7200    0.6897
    0.7220    0.6737
    0.7240    0.7297
    0.7260    0.6994
    0.7280    0.7179
    0.7300    0.6894
    0.7320    0.6832
    0.7340    0.6909
    0.7360    0.7438
    0.7380    0.7059
    0.7400    0.7140
    0.7420    0.7361
    0.7440    0.7506
    0.7460    0.7487
    0.7480    0.7209
    0.7500    0.7088
    0.7520    0.7453
    0.7540    0.6985
    0.7560    0.7215
    0.7580    0.7503
    0.7600    0.7487
    0.7620    0.7304
    0.7640    0.7826
    0.7660    0.7189
    0.7680    0.7672
    0.7700    0.7252
    0.7720    0.7482
    0.7740    0.7802
    0.7760    0.7463
    0.7780    0.7267
    0.7800    0.7650
    0.7820    0.7455
    0.7840    0.7366
    0.7860    0.7815
    0.7880    0.7672
    0.7900    0.7461
    0.7920    0.7418
    0.7940    0.7513
    0.7960    0.7482
    0.7980    0.7644
    0.8000    0.8137
    0.8020    0.7839
    0.8040    0.7643
    0.8060    0.7805
    0.8080    0.8000
    0.8100    0.7927
    0.8120    0.7992
    0.8140    0.8203
    0.8160    0.7857
    0.8180    0.8155
    0.8200    0.7725
    0.8220    0.7670
    0.8240    0.7902
    0.8260    0.8282
    0.8280    0.7968
    0.8300    0.8438
    0.8320    0.8179
    0.8340    0.7995
    0.8360    0.8461
    0.8380    0.8457
    0.8400    0.8440
    0.8420    0.8009
    0.8440    0.8050
    0.8460    0.8443
    0.8480    0.8403
    0.8500    0.8264
    0.8520    0.8642
    0.8540    0.8289
    0.8560    0.8701
    0.8580    0.8338
    0.8600    0.8366
    0.8620    0.8586
    0.8640    0.8317
    0.8660    0.8385
    0.8680    0.8162
    0.8700    0.8654
    0.8720    0.8527
    0.8740    0.8609
    0.8760    0.8741
    0.8780    0.8323
    0.8800    0.8824
    0.8820    0.8878
    0.8840    0.8433
    0.8860    0.8781
    0.8880    0.8507
    0.8900    0.8476
    0.8920    0.8417
    0.8940    0.8810
    0.8960    0.8732
    0.8980    0.8973
    0.9000    0.8566
    0.9020    0.8516
    0.9040    0.8728
    0.9060    0.8781
    0.9080    0.9034
    0.9100    0.8557
    0.9120    0.8516
    0.9140    0.8971
    0.9160    0.8537
    0.9180    0.8637
    0.9200    0.9079
    0.9220    0.8962
    0.9240    0.9002
    0.9260    0.9222
    0.9280    0.9230
    0.9300    0.9028
    0.9320    0.8876
    0.9340    0.8776
    0.9360    0.9376
    0.9380    0.9458
    0.9400    0.9456
    0.9420    0.9244
    0.9440    0.8849
    0.9460    0.8856
    0.9480    0.8956
    0.9500    0.8861
    0.9520    0.9405
    0.9540    0.8984
    0.9560    0.9375
    0.9580    0.9511
    0.9600    0.9360
    0.9620    0.9236
    0.9640    0.9591
    0.9660    0.9219
    0.9680    0.9249
    0.9700    0.9621
    0.9720    0.9427
    0.9740    0.9262
    0.9760    0.9638
    0.9780    0.9225
    0.9800    0.9818
    0.9820    0.9308
    0.9840    0.9222
    0.9860    0.9233
    0.9880    0.9779
    0.9900    0.9835
    0.9920    0.9795
    0.9940    0.9827
    0.9960    1.0000
    0.9980    0.9644
    1.0000    0.9906